0 234 madrid cod
28001 28006      0.00979356019
28001 28010       0.0112088547
28001 28009       0.0112271745
28001 28004        0.014056002
28002 28016          0.0101721
28002 28006       0.0132603624
28002 28036         0.01805419
28002 28028       0.0180571204
28003 28010          0.0101746
28003 28006       0.0151518502
28003 28020          0.0152587
28003 28004       0.0170852338
28004 28010      0.00751594234
28004 28014      0.00957260098
28004 28015       0.0128953136
28004 28013       0.0138243827
28005 28012      0.00978141183
28005 28013        0.014012661
28005 28014       0.0185866618
28005 28019        0.018592667
28006 28001      0.00979356019
28006 28002       0.0132603624
28006 28010       0.0145854562
28006 28003       0.0151518502
28007 28009       0.0141435714
28007 28038       0.0180400072
28007 28045       0.0229944534
28007 28001       0.0250288826
28008 28015       0.0152346307
28008 28013       0.0177719207
28008 28040       0.0215338444
28008 28004       0.0272069076
28009 28001       0.0112271745
28009 28007       0.0141435714
28009 28014       0.0152252981
28009 28006       0.0190829738
28010 28004      0.00751594234
28010 28003          0.0101746
28010 28001       0.0112088547
28010 28006       0.0145854562
28011 28047       0.0257881828
28011 28008        0.029202259
28011 28040       0.0300734765
28011 28019       0.0389091513
28012 28014      0.00912741153
28012 28005      0.00978141183
28012 28013       0.0141456536
28012 28004        0.015556153
28013 28015       0.0115589477
28013 28004       0.0138243827
28013 28005        0.014012661
28013 28012       0.0141456536
28014 28012      0.00912741153
28014 28004      0.00957260098
28014 28001       0.0146010102
28014 28009       0.0152252981
28015 28013       0.0115589477
28015 28004       0.0128953136
28015 28010       0.0152299691
28015 28008       0.0152346307
28016 28002          0.0101721
28016 28036       0.0112061888
28016 28046       0.0197857747
28016 28020       0.0202993562
28017 28030       0.0159361052
28017 28027          0.0203513
28017 28028       0.0224079208
28017 28037       0.0229721942
28018 28038          0.0101827
28018 28053       0.0221982476
28018 28007       0.0250336127
28018 28030       0.0257990921
28019 28005        0.018592667
28019 28025       0.0186144325
28019 28026       0.0224276592
28019 28047       0.0229202761
28020 28036       0.0114971296
28020 28003          0.0152587
28020 28039       0.0159017375
28020 28046       0.0190088316
28021 28903       0.0292325622
28021 28041          0.0305675
28021 28919       0.0361079905
28021 28902       0.0405276966
28022 28042       0.0300225588
28022 28032       0.0371634054
28022 28037       0.0389909734
28022 28027       0.0582552303
28023 28224       0.0300760723
28023 28040       0.0382509834
28023 28011       0.0448948979
28023 28035       0.0486762156
28024 28044       0.0287503619
28024 28917       0.0326919677
28024 28924        0.039014511
28024 28668       0.0399303495
28025 28019       0.0186144325
28025 28047       0.0215468708
28025 28919       0.0239186451
28025 28026       0.0310539775
28026 28045       0.0185870403
28026 28041       0.0191574218
28026 28005       0.0208287059
28026 28019       0.0224276592
28027 28043       0.0179020771
28027 28017          0.0203513
28027 28037       0.0224012619
28027 28028       0.0229804588
28028 28006       0.0168068392
28028 28002       0.0180571204
28028 28001       0.0210790863
28028 28009       0.0218955698
28029 28046       0.0143519558
28029 28039       0.0185920696
28029 28020       0.0208049195
28029 28036       0.0212068311
28030 28017       0.0159361052
28030 28038       0.0185694606
28030 28018       0.0257990921
28030 28037       0.0300492492
28031 28032       0.0361293907
28031 28051       0.0443752638
28031 28030       0.0593502162
28031 28022          0.0610782
28032 28037       0.0285250624
28032 28030        0.033122696
28032 28031       0.0361293907
28032 28022       0.0371634054
28033 28043       0.0146073073
28033 28016       0.0257682936
28033 28050       0.0303315545
28033 28046       0.0316937264
28034 28029       0.0230933563
28034 28046        0.028690219
28034 28050       0.0304475691
28034 28049          0.0304829
28035 28039       0.0247446147
28035 28029        0.027962247
28035 28040       0.0324651378
28035 28034       0.0371645551
28036 28016       0.0112061888
28036 28046       0.0114704123
28036 28020       0.0114971296
28036 28002         0.01805419
28037 28027       0.0224012619
28037 28017       0.0229721942
28037 28032       0.0285250624
28037 28030       0.0300492492
28038 28018          0.0101827
28038 28007       0.0180400072
28038 28030       0.0185694606
28038 28017       0.0276905017
28039 28020       0.0159017375
28039 28029       0.0185920696
28039 28035       0.0247446147
28039 28003       0.0250207844
28040 28008       0.0215338444
28040 28011       0.0300734765
28040 28039       0.0310605461
28040 28035       0.0324651378
28041 28026       0.0191574218
28041 28045       0.0292558329
28041 28053       0.0304475469
28041 28021          0.0305675
28042 28022       0.0300225588
28042 28860       0.0582576913
28042 28861       0.0589209271
28042 28109       0.0606583638
28043 28033       0.0146073073
28043 28027       0.0179020771
28043 28016       0.0280936865
28043 28002       0.0310222057
28044 28917       0.0230628403
28044 28024       0.0287503619
28044 28047       0.0294456841
28044 28918       0.0342158485
28045 28012       0.0177818986
28045 28026       0.0185870403
28045 28014       0.0208256249
28045 28005       0.0224226054
28046 28036       0.0114704123
28046 28029       0.0143519558
28046 28020       0.0190088316
28046 28016       0.0197857747
28047 28025       0.0215468708
28047 28019       0.0229202761
28047 28011       0.0257881828
28047 28044       0.0294456841
28049 28034          0.0304829
28049 28108       0.0405926392
28049 28050       0.0423944506
28049 28100       0.0437521756
28050 28033       0.0303315545
28050 28034       0.0304475691
28050 28108       0.0324296373
28050 28046       0.0332623053
28051 28031       0.0443752638
28051 28909       0.0461031997
28051 28018       0.0601210643
28051 28053       0.0605825035
28053 28018       0.0221982476
28053 28041       0.0304475469
28053 28038       0.0311060866
28053 28045       0.0355693742
28100 28108        0.031806243
28100 28049       0.0437521756
28100 28050          0.0609502
28100 28760       0.0635565415
28108 28100        0.031806243
28108 28050       0.0324296373
28108 28049       0.0405926392
28108 28034       0.0515314807
28109 28042       0.0606583638
28109 28108       0.0613551906
28109 28708       0.0651015941
28109 28860       0.0670956338
28110 28130       0.0363356769
28110 28863       0.0421349261
28110 28140       0.0429173832
28110 28814       0.0709451513
28120 28708       0.0335146165
28120 28140       0.0389809301
28120 28707        0.040518219
28120 28110        0.071243112
28130 28110       0.0363356769
28130 28815       0.0605965163
28130 28140       0.0606715046
28130 28150       0.0720145866
28140 28120       0.0389809301
28140 28110       0.0429173832
28140 28130       0.0606715046
28140 28150       0.0646768737
28150 28160       0.0458218366
28150 28710       0.0607212901
28150 28140       0.0646768737
28150 28130       0.0720145866
28160 28150       0.0458218366
28160 28722       0.0893926291
28160 28710        0.091614273
28160 28180       0.0996785999
28180 28722       0.0457917857
28180 28192          0.0606268
28180 28721       0.0658762721
28180 28751        0.084502354
28189 28192       0.0606964057
28189 28180        0.087083901
28189 28751        0.121467522
28189 28722        0.131410144
28191 28755        0.116278239
28191 28730        0.126259201
28191 28737        0.142603001
28191 28189        0.162012751
28192 28180          0.0606268
28192 28189       0.0606964057
28192 28751       0.0607711206
28192 28721        0.087462011
28200 28293       0.0461257207
28200 28219       0.0703731799
28200 28280       0.0818988394
28200 28440       0.0921549945
28210 28270       0.0444969398
28210 28691       0.0708024961
28210 28229       0.0718807944
28210 28219       0.0791285472
28212 28214       0.0586648202
28212 28213       0.0789473061
28212 28693       0.0863684111
28212 28210       0.0926665818
28213 28694       0.0563937323
28213 28294       0.0587167002
28213 28214       0.0650550032
28213 28695       0.0750274937
28214 28212       0.0586648202
28214 28293           0.060939
28214 28213       0.0650550032
28214 28294       0.0790186091
28219 28280       0.0301068486
28219 28292        0.060200183
28219 28200       0.0703731799
28219 28270       0.0767974288
28220 28669       0.0517062627
28220 28660       0.0615403635
28220 28290        0.067291257
28220 28692       0.0724353845
28223 28224       0.0292466806
28223 28668       0.0297368161
28223 28925        0.035915122
28223 28024         0.04491736
28224 28223       0.0292466806
28224 28023       0.0300760723
28224 28011       0.0516227572
28224 28668       0.0587460018
28229 28692       0.0430672172
28229 28691       0.0461265256
28229 28260          0.0609415
28229 28270         0.06369359
28240 28248       0.0504821687
28240 28250       0.0584982569
28240 28411       0.0635991166
28240 28412       0.0793483191
28248 28250       0.0286786982
28248 28420       0.0384428095
28248 28240       0.0504821687
28248 28411       0.0584371196
28250 28248       0.0286786982
28250 28260       0.0462045163
28250 28420       0.0516982077
28250 28290       0.0565726558
28260 28420       0.0457741788
28260 28250       0.0462045163
28260 28270        0.048914373
28260 28248       0.0594365161
28270 28210       0.0444969398
28270 28260        0.048914373
28270 28229         0.06369359
28270 28420        0.074492503
28280 28292       0.0300933345
28280 28219       0.0301068486
28280 28270       0.0778347056
28280 28200       0.0818988394
28290 28250       0.0565726558
28290 28220        0.067291257
28290 28240          0.0811859
28290 28248       0.0825524465
28292 28280       0.0300933345
28292 28219        0.060200183
28292 28400       0.0686596777
28292 28430       0.0732165076
28293 28200       0.0461257207
28293 28214           0.060939
28293 28219       0.0889034185
28293 28296        0.101794162
28294 28213       0.0587167002
28294 28295       0.0708903889
28294 28695       0.0723199747
28294 28214       0.0790186091
28295 28294       0.0708903889
28295 28296        0.104143395
28295 28214        0.124069622
28295 28695        0.127305744
28296 28293        0.101794162
28296 28295        0.104143395
28296 28200        0.108209495
28296 28214        0.143140828
28300 28350        0.103718604
28300 28359        0.114187899
28300 28380        0.155712357
28300 28370        0.191644096
28320 28901       0.0571626183
28320 28947       0.0606658835
28320 28905       0.0779046278
28320 28903       0.0798422408
28330 28909       0.0849299885
28330 28359        0.097781801
28330 28051        0.108582191
28330 28350        0.111075683
28350 28359        0.056100411
28350 28300        0.103718604
28350 28330        0.111075683
28350 28320        0.128461174
28359 28350        0.056100411
28359 28330        0.097781801
28359 28300        0.114187899
28359 28370        0.116546668
28370 28391       0.0716767908
28370 28530       0.0719427278
28370 28380          0.0818541
28370 28390        0.108243816
28380 28370          0.0818541
28380 28391         0.11768758
28380 28390        0.121395038
28380 28359        0.137379172
28390 28391       0.0495293317
28390 28590       0.0616676934
28390 28540       0.0978386948
28390 28550        0.107405839
28391 28390       0.0495293317
28391 28540       0.0650903297
28391 28370       0.0716767908
28391 28590       0.0909621207
28400 28430       0.0381481748
28400 28420       0.0381684444
28400 28248       0.0619422237
28400 28411       0.0623798867
28410 28791       0.0601122195
28410 28413       0.0662513623
28410 28412       0.0784170471
28410 28492       0.0992490294
28411 28412       0.0371733928
28411 28248       0.0584371196
28411 28413       0.0600495292
28411 28400       0.0623798867
28412 28413       0.0229801387
28412 28411       0.0371733928
28412 28492       0.0447215878
28412 28490        0.060770399
28413 28412       0.0229801387
28413 28492       0.0361100641
28413 28411       0.0600495292
28413 28410       0.0662513623
28420 28400       0.0381684444
28420 28248       0.0384428095
28420 28260       0.0457741788
28420 28250       0.0516982077
28430 28450       0.0256581981
28430 28400       0.0381481748
28430 28490       0.0588802125
28430 28491        0.065836329
28440 28460       0.0530458051
28440 28292       0.0777970075
28440 28280       0.0895395055
28440 28200       0.0921549945
28450 28430       0.0256581981
28450 28491          0.0404929
28450 28470       0.0429555616
28450 28490       0.0462174734
28460 28470       0.0524758461
28460 28440       0.0530458051
28460 28491       0.0786932948
28460 28450       0.0799073366
28470 28491       0.0262174491
28470 28450       0.0429555616
28470 28460       0.0524758461
28470 28430       0.0670925543
28490 28492       0.0392863659
28490 28491       0.0449611442
28490 28450       0.0462174734
28490 28430       0.0588802125
28491 28470       0.0262174491
28491 28450          0.0404929
28491 28490       0.0449611442
28491 28430        0.065836329
28492 28413       0.0361100641
28492 28490       0.0392863659
28492 28412       0.0447215878
28492 28411          0.0708882
28500 28530          0.0612432
28500 28521       0.0777737398
28500 28891       0.0834382066
28500 28510         0.09669132
28510 28511       0.0581945115
28510 28813       0.0723315575
28510 28890        0.086156008
28510 28540       0.0921042699
28511 28550       0.0562210154
28511 28510       0.0581945115
28511 28560       0.0719370665
28511 28512       0.0738315981
28512 28514          0.0407669
28512 28570       0.0570555367
28512 28580       0.0603206993
28512 28511       0.0738315981
28514 28512          0.0407669
28514 28580       0.0718619312
28514 28812       0.0737196257
28514 28818          0.0814492
28521 28891       0.0442164413
28521 28840        0.069045249
28521 28500       0.0777737398
28521 28830       0.0865644863
28530 28500          0.0612432
28530 28370       0.0719427278
28530 28391       0.0999383423
28530 28540        0.100910755
28540 28550       0.0457735347
28540 28391       0.0650903297
28540 28511       0.0742765956
28540 28510       0.0921042699
28550 28540       0.0457735347
28550 28511       0.0562210154
28550 28560       0.0578547217
28550 28590       0.0799856342
28560 28570       0.0508410081
28560 28550       0.0578547217
28560 28511       0.0719370665
28560 28512          0.0816182
28570 28560       0.0508410081
28570 28580       0.0529277718
28570 28512       0.0570555367
28570 28514       0.0926256541
28580 28570       0.0529277718
28580 28512       0.0603206993
28580 28514       0.0718619312
28580 28812          0.0815063
28590 28390       0.0616676934
28590 28550       0.0799856342
28590 28391       0.0909621207
28590 28560       0.0975859184
28595 28597       0.0641233393
28595 28596         0.10363895
28595 28590        0.172721189
28595 28560        0.184047881
28596 28570        0.100888166
28596 28595         0.10363895
28596 28580         0.11707929
28596 28560        0.121729156
28597 28595       0.0641233393
28597 28590        0.120558843
28597 28596        0.130116605
28597 28560        0.162199824
28600 28607       0.0675388844
28600 28670       0.0891718676
28600 28690       0.0926061128
28600 28935       0.0927607944
28607 28600       0.0675388844
28607 28939       0.0855499324
28607 28935        0.110040625
28607 28979        0.115305412
28609 28610       0.0604191795
28609 28693       0.0747117163
28609 28600        0.103614036
28609 28694        0.109642877
28610 28609       0.0604191795
28610 28620       0.0924328332
28610 28694        0.106411489
28610 28600        0.122725911
28620 28694       0.0685259888
28620 28630        0.085343693
28620 28695       0.0898932662
28620 28610       0.0924328332
28630 28696       0.0797168346
28630 28620        0.085343693
28630 28695        0.111248476
28630 28680        0.114428585
28640 28680       0.0895103989
28640 28696        0.114484999
28640 28630        0.124345018
28640 28695        0.186303607
28660 28925       0.0337065843
28660 28668       0.0366774279
28660 28669        0.044948027
28660 28223       0.0522476819
28668 28925      0.00645960091
28668 28223       0.0297368161
28668 28660       0.0366774279
28668 28024       0.0399303495
28669 28660        0.044948027
28669 28692        0.050111172
28669 28220       0.0517062627
28669 28925       0.0785844762
28670 28935       0.0449588441
28670 28933       0.0669825792
28670 28690       0.0723806065
28670 28934       0.0736632664
28680 28696       0.0481833263
28680 28640       0.0895103989
28680 28695        0.113880477
28680 28630        0.114428585
28690 28691          0.0610471
28690 28693       0.0639300724
28690 28670       0.0723806065
28690 28692       0.0818043573
28691 28229       0.0461265256
28691 28692       0.0463907956
28691 28690          0.0610471
28691 28210       0.0708024961
28692 28229       0.0430672172
28692 28691       0.0463907956
28692 28669        0.050111172
28692 28220       0.0724353845
28693 28690       0.0639300724
28693 28609       0.0747117163
28693 28691       0.0747564439
28693 28212       0.0863684111
28694 28213       0.0563937323
28694 28695       0.0579199708
28694 28620       0.0685259888
28694 28294       0.0965364616
28695 28694       0.0579199708
28695 28294       0.0723199747
28695 28696       0.0723333088
28695 28213       0.0750274937
28696 28680       0.0481833263
28696 28695       0.0723333088
28696 28630       0.0797168346
28696 28640        0.114484999
28707 28708       0.0354792437
28707 28120        0.040518219
28707 28750       0.0731940971
28707 28140       0.0779115712
28708 28120       0.0335146165
28708 28707       0.0354792437
28708 28109       0.0651015941
28708 28140       0.0694601818
28710 28750       0.0561130563
28710 28150       0.0607212901
28710 28723       0.0719751993
28710 28140       0.0720228824
28720 28729       0.0573867502
28720 28792       0.0600092955
28720 28743       0.0710870155
28720 28794       0.0761489683
28721 28729       0.0513894707
28721 28751       0.0559595109
28721 28722       0.0634079232
28721 28723       0.0657818999
28722 28180       0.0457917857
28722 28723       0.0458528738
28722 28721       0.0634079232
28722 28710          0.0809919
28723 28722       0.0458528738
28723 28721       0.0657818999
28723 28750       0.0680146241
28723 28710       0.0719751993
28729 28721       0.0513894707
28729 28720       0.0573867502
28729 28794        0.061858656
28729 28751       0.0730547324
28730 28737       0.0694606276
28730 28739       0.0890789997
28730 28755        0.107283403
28730 28751        0.116540005
28737 28755       0.0580315433
28737 28730       0.0694606276
28737 28739       0.0740750522
28737 28191        0.142603001
28739 28737       0.0740750522
28739 28730       0.0890789997
28739 28742       0.0919177357
28739 28743        0.103493309
28740 28749       0.0487423521
28740 28742          0.1043266
28740 28743        0.147449822
28740 28792        0.148050486
28742 28749       0.0582432205
28742 28743       0.0845129719
28742 28739       0.0919177357
28742 28740          0.1043266
28743 28720       0.0710870155
28743 28742       0.0845129719
28743 28749        0.103031463
28743 28739        0.103493309
28749 28740       0.0487423521
28749 28742       0.0582432205
28749 28743        0.103031463
28749 28792        0.133886007
28750 28710       0.0561130563
28750 28723       0.0680146241
28750 28707       0.0731940971
28750 28120       0.0919989322
28751 28721       0.0559595109
28751 28192       0.0607711206
28751 28729       0.0730547324
28751 28180        0.084502354
28755 28737       0.0580315433
28755 28730        0.107283403
28755 28191        0.116278239
28755 28739        0.131513502
28760 28100       0.0635565415
28760 28770       0.0713712953
28760 28049       0.0771669284
28760 28108       0.0929670619
28770 28760       0.0713712953
28770 28750       0.0966960946
28770 28794       0.0969998724
28770 28791       0.0987918013
28791 28410       0.0601122195
28791 28792        0.064633676
28791 28770       0.0987918013
28791 28794        0.104251107
28792 28720       0.0600092955
28792 28791        0.064633676
28792 28794       0.0896106969
28792 28729        0.108201849
28794 28729        0.061858656
28794 28720       0.0761489683
28794 28723       0.0830077282
28794 28792       0.0896106969
28801 28807      0.00577258102
28801 28802        0.016100081
28801 28804        0.032788152
28801 28803       0.0369526578
28802 28801        0.016100081
28802 28807       0.0193648012
28802 28803       0.0218012393
28802 28806       0.0464918414
28803 28802       0.0218012393
28803 28801       0.0369526578
28803 28807       0.0409940135
28803 28850       0.0541415375
28804 28805       0.0323956066
28804 28801        0.032788152
28804 28807       0.0329459262
28804 28802       0.0480326874
28805 28804       0.0323956066
28805 28880       0.0458540715
28805 28807        0.048273434
28805 28801       0.0518266011
28806 28802       0.0464918414
28806 28807       0.0506934355
28806 28801       0.0533600255
28806 28803       0.0544901247
28807 28801      0.00577258102
28807 28802       0.0193648012
28807 28804       0.0329459262
28807 28803       0.0409940135
28810 28804       0.0516162265
28810 28813       0.0581139321
28810 28818       0.0642757953
28810 28801         0.07437844
28812 28818       0.0718308839
28812 28514       0.0737196257
28812 28580          0.0815063
28812 28512        0.102735345
28813 28810       0.0581139321
28813 28890       0.0605214837
28813 28510       0.0723315575
28813 28803       0.0826074193
28814 28864       0.0457808693
28814 28806       0.0564417553
28814 28863       0.0571963109
28814 28110       0.0709451513
28815 28816       0.0563889417
28815 28130       0.0605965163
28815 28110       0.0902558062
28815 28814        0.091747609
28816 28815       0.0563889417
28816 28880        0.056396036
28816 28814       0.0914439151
28816 28806         0.09177077
28817 28818          0.0610127
28817 28805       0.0758213513
28817 28880       0.0891814461
28817 28804       0.0936137898
28818 28817          0.0610127
28818 28810       0.0642757953
28818 28812       0.0718308839
28818 28514          0.0814492
28830 28840       0.0429600953
28830 28861       0.0483112557
28830 28042       0.0720569012
28830 28891        0.072244419
28840 28891       0.0358528648
28840 28830       0.0429600953
28840 28890       0.0669602061
28840 28521        0.069045249
28850 28803       0.0541415375
28850 28806       0.0581573391
28850 28861       0.0634059591
28850 28802       0.0682599999
28860 28861       0.0370063263
28860 28864        0.045820203
28860 28042       0.0582576913
28860 28863       0.0620223016
28861 28860       0.0370063263
28861 28830       0.0483112557
28861 28864       0.0586388488
28861 28042       0.0589209271
28863 28864       0.0382247661
28863 28110       0.0421349261
28863 28814       0.0571963109
28863 28860       0.0620223016
28864 28863       0.0382247661
28864 28814       0.0457808693
28864 28860        0.045820203
28864 28861       0.0586388488
28880 28805       0.0458540715
28880 28816        0.056396036
28880 28804       0.0765325956
28880 28807       0.0783969854
28890 28813       0.0605214837
28890 28891       0.0644993085
28890 28840       0.0669602061
28890 28803       0.0702162728
28891 28840       0.0358528648
28891 28521       0.0442164413
28891 28890       0.0644993085
28891 28830        0.072244419
28901 28905        0.022441556
28901 28902        0.026759711
28901 28904       0.0279349801
28901 28947       0.0292575136
28902 28904      0.00761964629
28902 28903       0.0121656152
28902 28905       0.0256492766
28902 28901        0.026759711
28903 28902       0.0121656152
28903 28904        0.019546825
28903 28021       0.0292325622
28903 28916       0.0318553143
28904 28902      0.00761964629
28904 28903        0.019546825
28904 28905       0.0204325694
28904 28915       0.0253959003
28905 28904       0.0204325694
28905 28901        0.022441556
28905 28902       0.0256492766
28905 28947          0.0306041
28909 28051       0.0461031997
28909 28021       0.0739830807
28909 28053       0.0741707984
28909 28330       0.0849299885
28911 28912      0.00731359155
28911 28913      0.00759914471
28911 28915       0.0170744639
28911 28918       0.0198187421
28912 28911      0.00731359155
28912 28913      0.00841756344
28912 28915       0.0114644731
28912 28918       0.0198012468
28913 28911      0.00759914471
28913 28912      0.00841756344
28913 28918       0.0124254145
28913 28915       0.0198485315
28914 28941       0.0244127655
28914 28911       0.0284190106
28914 28913       0.0288290896
28914 28918       0.0301221154
28915 28912       0.0114644731
28915 28916       0.0115143546
28915 28911       0.0170744639
28915 28913       0.0198485315
28916 28915       0.0115143546
28916 28912        0.022053826
28916 28919       0.0222226286
28916 28904       0.0269063749
28917 28918       0.0129057988
28917 28044       0.0230628403
28917 28913       0.0244516139
28917 28912       0.0303167783
28918 28913       0.0124254145
28918 28917       0.0129057988
28918 28912       0.0198012468
28918 28911       0.0198187421
28919 28916       0.0222226286
28919 28025       0.0239186451
28919 28041       0.0324319959
28919 28915       0.0328959788
28921 28923       0.0142780238
28921 28924        0.017907772
28921 28922       0.0278924706
28921 28932       0.0369085304
28922 28932       0.0252265108
28922 28921       0.0278924706
28922 28933       0.0295050567
28922 28931       0.0333511828
28923 28924      0.00914719791
28923 28921       0.0142780238
28923 28914       0.0318669721
28923 28918       0.0383154428
28924 28923      0.00914719791
28924 28921        0.017907772
28924 28917       0.0308515491
28924 28918       0.0318919104
28925 28668      0.00645960091
28925 28660       0.0337065843
28925 28223        0.035915122
28925 28922       0.0411454381
28931 28937      0.00561830007
28931 28932      0.00813694222
28931 28934      0.00932420415
28931 28933        0.012396689
28932 28931      0.00813694222
28932 28937       0.0104228619
28932 28933        0.011488274
28932 28934       0.0165750557
28933 28932        0.011488274
28933 28931        0.012396689
28933 28934       0.0140296548
28933 28937       0.0178028819
28934 28931      0.00932420415
28934 28937       0.0130682515
28934 28933       0.0140296548
28934 28932       0.0165750557
28935 28939          0.0407902
28935 28934       0.0448813344
28935 28670       0.0449588441
28935 28933       0.0473957922
28936 28937       0.0142839133
28936 28938       0.0183099765
28936 28931       0.0198187585
28936 28942       0.0215599138
28937 28931      0.00561830007
28937 28932       0.0104228619
28937 28934       0.0130682515
28937 28936       0.0142839133
28938 28936       0.0183099765
28938 28937       0.0217438609
28938 28934        0.021957791
28938 28931       0.0243859587
28939 28935          0.0407902
28939 28950       0.0449743993
28939 28938       0.0623495185
28939 28934       0.0641258545
28941 28943       0.0115455142
28941 28945       0.0208097998
28941 28944       0.0208622741
28941 28914       0.0244127655
28942 28936       0.0215599138
28942 28943       0.0285645153
28942 28941       0.0287673003
28942 28938        0.030546375
28943 28941       0.0115455142
28943 28944       0.0141688292
28943 28945       0.0260988925
28943 28942       0.0285645153
28944 28943       0.0141688292
28944 28941       0.0208622741
28944 28945       0.0219569268
28944 28970       0.0408737867
28945 28941       0.0208097998
28945 28944       0.0219569268
28945 28943       0.0260988925
28945 28914       0.0304079422
28947 28901       0.0292575136
28947 28905          0.0306041
28947 28945        0.042643888
28947 28904       0.0488971473
28950 28939       0.0449743993
28950 28970       0.0459411091
28950 28979       0.0463890592
28950 28938       0.0488604644
28970 28971       0.0325899367
28970 28944       0.0408737867
28970 28943       0.0409119522
28970 28950       0.0459411091
28971 28978          0.0306405
28971 28970       0.0325899367
28971 28979       0.0423292046
28971 28991       0.0449402011
28978 28971          0.0306405
28978 28991       0.0422947588
28978 28979       0.0449644442
28978 28970       0.0624360893
28979 28971       0.0423292046
28979 28978       0.0449644442
28979 28950       0.0463890592
28979 28970       0.0663223706
28990 28991       0.0516727104
28990 28947       0.0871098875
28990 28978       0.0873180193
28990 28320       0.0878025371
28991 28978       0.0422947588
28991 28971       0.0449402011
28991 28990       0.0516727104
28991 28970       0.0586144841
